&general
  PREFIX = fesb2_prim222
  MODE = suggest
  NAT = 48; NKD = 2
  KD = Fe Sb
/

&optimize
/

&interaction
  NORDER = 1  # 1: harmonic, 2: cubic, ..
/

&cell
   1.0 # factor in Bohr unit
   22.111315662045865    0.00000000000000   0.000000000000000
    0.000000000000000   24.68093242219279   0.000000000000000
    0.000000000000000    0.00000000000000  11.983833238980000  
/

&cutoff 
*-* None
/

&position
  1  0.00000000000000   0.00000000000000   0.00000000000000
  1  0.00000000000000   0.00000000000000   0.50000000000000
  1  0.00000000000000   0.50000000000000   0.00000000000000
  1  0.00000000000000   0.50000000000000   0.50000000000000
  1  0.50000000000000   0.00000000000000   0.00000000000000
  1  0.50000000000000   0.00000000000000   0.50000000000000
  1  0.50000000000000   0.50000000000000   0.00000000000000
  1  0.50000000000000   0.50000000000000   0.50000000000000
  1  0.25000000000000   0.25000000000000   0.25000000000000
  1  0.25000000000000   0.25000000000000   0.75000000000000
  1  0.25000000000000   0.75000000000000   0.25000000000000
  1  0.25000000000000   0.75000000000000   0.75000000000000
  1  0.75000000000000   0.25000000000000   0.25000000000000
  1  0.75000000000000   0.25000000000000   0.75000000000000
  1  0.75000000000000   0.75000000000000   0.25000000000000
  1  0.75000000000000   0.75000000000000   0.75000000000000
  2  0.09518792990000   0.17698961110000   0.00000000000000
  2  0.09518792990000   0.17698961110000   0.50000000000000
  2  0.09518792990000   0.67698961110000   0.00000000000000
  2  0.09518792990000   0.67698961110000   0.50000000000000
  2  0.59518792990000   0.17698961110000   0.00000000000000
  2  0.59518792990000   0.17698961110000   0.50000000000000
  2  0.59518792990000   0.67698961110000   0.00000000000000
  2  0.59518792990000   0.67698961110000   0.50000000000000
  2  0.40481207010000   0.32301038890000   0.00000000000000
  2  0.40481207010000   0.32301038890000   0.50000000000000
  2  0.40481207010000   0.82301038890000   0.00000000000000
  2  0.40481207010000   0.82301038890000   0.50000000000000
  2  0.90481207010000   0.32301038890000   0.00000000000000
  2  0.90481207010000   0.32301038890000   0.50000000000000
  2  0.90481207010000   0.82301038890000   0.00000000000000
  2  0.90481207010000   0.82301038890000   0.50000000000000
  2  0.15481207010000   0.42698961110000   0.25000000000000
  2  0.15481207010000   0.42698961110000   0.75000000000000
  2  0.15481207010000   0.92698961110000   0.25000000000000
  2  0.15481207010000   0.92698961110000   0.75000000000000
  2  0.65481207010000   0.42698961110000   0.25000000000000
  2  0.65481207010000   0.42698961110000   0.75000000000000
  2  0.65481207010000   0.92698961110000   0.25000000000000
  2  0.65481207010000   0.92698961110000   0.75000000000000
  2  0.34518792990000   0.07301038890000   0.25000000000000
  2  0.34518792990000   0.07301038890000   0.75000000000000
  2  0.34518792990000   0.57301038890000   0.25000000000000
  2  0.34518792990000   0.57301038890000   0.75000000000000
  2  0.84518792990000   0.07301038890000   0.25000000000000
  2  0.84518792990000   0.07301038890000   0.75000000000000
  2  0.84518792990000   0.57301038890000   0.25000000000000
  2  0.84518792990000   0.57301038890000   0.75000000000000
