&general
  PREFIX = si_prim444_cubic
  MODE = optimize
  NAT = 128; NKD = 1
  KD = Si
/

&optimize
 DFSET = ../iter.0001_runQE/DFSET_harmonic 
/

&interaction
  NORDER = 1  # 1: harmonic, 2: cubic, ..
/

&cell
  41.3472076 # factor in Bohr unit
 -0.5  0.0  0.5 # a1
  0.0  0.5  0.5 # a2
 -0.5  0.5  0.0 # a3
/

&cutoff 
  Si-Si None
/

&position
  1    0.000000000         0.000000000         0.000000000   
  1    0.000000000         0.000000000         0.250000000
  1    0.000000000         0.000000000         0.500000000
  1    0.000000000         0.000000000         0.750000000
  1    0.000000000         0.250000000         0.000000000
  1    0.000000000         0.250000000         0.250000000
  1    0.000000000         0.250000000         0.500000000
  1    0.000000000         0.250000000         0.750000000
  1    0.000000000         0.500000000         0.000000000
  1    0.000000000         0.500000000         0.250000000
  1    0.000000000         0.500000000         0.500000000
  1    0.000000000         0.500000000         0.750000000
  1    0.000000000         0.750000000         0.000000000
  1    0.000000000         0.750000000         0.250000000
  1    0.000000000         0.750000000         0.500000000
  1    0.000000000         0.750000000         0.750000000
  1    0.250000000         0.000000000         0.000000000
  1    0.250000000         0.000000000         0.250000000
  1    0.250000000         0.000000000         0.500000000
  1    0.250000000         0.000000000         0.750000000
  1    0.250000000         0.250000000         0.000000000
  1    0.250000000         0.250000000         0.250000000
  1    0.250000000         0.250000000         0.500000000
  1    0.250000000         0.250000000         0.750000000
  1    0.250000000         0.500000000         0.000000000
  1    0.250000000         0.500000000         0.250000000
  1    0.250000000         0.500000000         0.500000000
  1    0.250000000         0.500000000         0.750000000
  1    0.250000000         0.750000000         0.000000000
  1    0.250000000         0.750000000         0.250000000
  1    0.250000000         0.750000000         0.500000000
  1    0.250000000         0.750000000         0.750000000
  1    0.500000000         0.000000000         0.000000000
  1    0.500000000         0.000000000         0.250000000
  1    0.500000000         0.000000000         0.500000000
  1    0.500000000         0.000000000         0.750000000
  1    0.500000000         0.250000000         0.000000000
  1    0.500000000         0.250000000         0.250000000
  1    0.500000000         0.250000000         0.500000000
  1    0.500000000         0.250000000         0.750000000
  1    0.500000000         0.500000000         0.000000000
  1    0.500000000         0.500000000         0.250000000
  1    0.500000000         0.500000000         0.500000000
  1    0.500000000         0.500000000         0.750000000
  1    0.500000000         0.750000000         0.000000000
  1    0.500000000         0.750000000         0.250000000
  1    0.500000000         0.750000000         0.500000000
  1    0.500000000         0.750000000         0.750000000
  1    0.750000000         0.000000000         0.000000000
  1    0.750000000         0.000000000         0.250000000
  1    0.750000000         0.000000000         0.500000000
  1    0.750000000         0.000000000         0.750000000
  1    0.750000000         0.250000000         0.000000000
  1    0.750000000         0.250000000         0.250000000
  1    0.750000000         0.250000000         0.500000000
  1    0.750000000         0.250000000         0.750000000
  1    0.750000000         0.500000000         0.000000000
  1    0.750000000         0.500000000         0.250000000
  1    0.750000000         0.500000000         0.500000000
  1    0.750000000         0.500000000         0.750000000
  1    0.750000000         0.750000000         0.000000000
  1    0.750000000         0.750000000         0.250000000
  1    0.750000000         0.750000000         0.500000000
  1    0.750000000         0.750000000         0.750000000
  1      0.187500000         0.187500000         0.187500000
  1      0.187500000         0.187500000         0.437500000
  1      0.187500000         0.187500000         0.687500000
  1      0.187500000         0.187500000         0.937500000
  1      0.187500000         0.437500000         0.187500000
  1      0.187500000         0.437500000         0.437500000
  1      0.187500000         0.437500000         0.687500000
  1      0.187500000         0.437500000         0.937500000
  1      0.187500000         0.687500000         0.187500000
  1      0.187500000         0.687500000         0.437500000
  1      0.187500000         0.687500000         0.687500000
  1      0.187500000         0.687500000         0.937500000
  1      0.187500000         0.937500000         0.187500000
  1      0.187500000         0.937500000         0.437500000
  1      0.187500000         0.937500000         0.687500000
  1      0.187500000         0.937500000         0.937500000
  1      0.437500000         0.187500000         0.187500000
  1      0.437500000         0.187500000         0.437500000
  1      0.437500000         0.187500000         0.687500000
  1      0.437500000         0.187500000         0.937500000
  1      0.437500000         0.437500000         0.187500000
  1      0.437500000         0.437500000         0.437500000
  1      0.437500000         0.437500000         0.687500000
  1      0.437500000         0.437500000         0.937500000
  1      0.437500000         0.687500000         0.187500000
  1      0.437500000         0.687500000         0.437500000
  1      0.437500000         0.687500000         0.687500000
  1      0.437500000         0.687500000         0.937500000
  1      0.437500000         0.937500000         0.187500000
  1      0.437500000         0.937500000         0.437500000
  1      0.437500000         0.937500000         0.687500000
  1      0.437500000         0.937500000         0.937500000
  1      0.687500000         0.187500000         0.187500000
  1      0.687500000         0.187500000         0.437500000
  1      0.687500000         0.187500000         0.687500000
  1      0.687500000         0.187500000         0.937500000
  1      0.687500000         0.437500000         0.187500000
  1      0.687500000         0.437500000         0.437500000
  1      0.687500000         0.437500000         0.687500000
  1      0.687500000         0.437500000         0.937500000
  1      0.687500000         0.687500000         0.187500000
  1      0.687500000         0.687500000         0.437500000
  1      0.687500000         0.687500000         0.687500000
  1      0.687500000         0.687500000         0.937500000
  1      0.687500000         0.937500000         0.187500000
  1      0.687500000         0.937500000         0.437500000
  1      0.687500000         0.937500000         0.687500000
  1      0.687500000         0.937500000         0.937500000
  1      0.937500000         0.187500000         0.187500000
  1      0.937500000         0.187500000         0.437500000
  1      0.937500000         0.187500000         0.687500000
  1      0.937500000         0.187500000         0.937500000
  1      0.937500000         0.437500000         0.187500000
  1      0.937500000         0.437500000         0.437500000
  1      0.937500000         0.437500000         0.687500000
  1      0.937500000         0.437500000         0.937500000
  1      0.937500000         0.687500000         0.187500000
  1      0.937500000         0.687500000         0.437500000
  1      0.937500000         0.687500000         0.687500000
  1      0.937500000         0.687500000         0.937500000
  1      0.937500000         0.937500000         0.187500000
  1      0.937500000         0.937500000         0.437500000
  1      0.937500000         0.937500000         0.687500000
  1      0.937500000         0.937500000         0.937500000
