&general
  PREFIX = diamond_prim555_cubic
  MODE = optimize
  NAT = 250; NKD = 1
  KD = C
/

&optimize
 DFSET = ../iter.0001_runQE/DFSET_cubic
 FC2XML = ../../1_harmonic/iter.0002_fitting/diamond_prim555.xml
/

&interaction
  NORDER = 2  # 1: harmonic, 2: cubic, ..
/

&cell
   1.88973 # factor in Bohr unit
     0.0000000000000000    8.8675000000000000    8.8675000000000000
     8.8675000000000000    0.0000000000000000    8.8675000000000000
     8.8675000000000000    8.8675000000000000    0.0000000000000000
/

&cutoff 
C-C None 7.6
/

&position
   1  0.10000000000000   0.10000000000000   0.10000000000000 
   1  0.10000000000000   0.10000000000000   0.30000000000000 
   1  0.10000000000000   0.10000000000000   0.50000000000000 
   1  0.10000000000000   0.10000000000000   0.70000000000000 
   1  0.10000000000000   0.10000000000000   0.90000000000000 
   1  0.10000000000000   0.30000000000000   0.10000000000000 
   1  0.10000000000000   0.30000000000000   0.30000000000000 
   1  0.10000000000000   0.30000000000000   0.50000000000000 
   1  0.10000000000000   0.30000000000000   0.70000000000000 
   1  0.10000000000000   0.30000000000000   0.90000000000000 
   1  0.10000000000000   0.50000000000000   0.10000000000000 
   1  0.10000000000000   0.50000000000000   0.30000000000000 
   1  0.10000000000000   0.50000000000000   0.50000000000000 
   1  0.10000000000000   0.50000000000000   0.70000000000000 
   1  0.10000000000000   0.50000000000000   0.90000000000000 
   1  0.10000000000000   0.70000000000000   0.10000000000000 
   1  0.10000000000000   0.70000000000000   0.30000000000000 
   1  0.10000000000000   0.70000000000000   0.50000000000000 
   1  0.10000000000000   0.70000000000000   0.70000000000000 
   1  0.10000000000000   0.70000000000000   0.90000000000000 
   1  0.10000000000000   0.90000000000000   0.10000000000000 
   1  0.10000000000000   0.90000000000000   0.30000000000000 
   1  0.10000000000000   0.90000000000000   0.50000000000000 
   1  0.10000000000000   0.90000000000000   0.70000000000000 
   1  0.10000000000000   0.90000000000000   0.90000000000000 
   1  0.30000000000000   0.10000000000000   0.10000000000000 
   1  0.30000000000000   0.10000000000000   0.30000000000000 
   1  0.30000000000000   0.10000000000000   0.50000000000000 
   1  0.30000000000000   0.10000000000000   0.70000000000000 
   1  0.30000000000000   0.10000000000000   0.90000000000000 
   1  0.30000000000000   0.30000000000000   0.10000000000000 
   1  0.30000000000000   0.30000000000000   0.30000000000000 
   1  0.30000000000000   0.30000000000000   0.50000000000000 
   1  0.30000000000000   0.30000000000000   0.70000000000000 
   1  0.30000000000000   0.30000000000000   0.90000000000000 
   1  0.30000000000000   0.50000000000000   0.10000000000000 
   1  0.30000000000000   0.50000000000000   0.30000000000000 
   1  0.30000000000000   0.50000000000000   0.50000000000000 
   1  0.30000000000000   0.50000000000000   0.70000000000000 
   1  0.30000000000000   0.50000000000000   0.90000000000000 
   1  0.30000000000000   0.70000000000000   0.10000000000000 
   1  0.30000000000000   0.70000000000000   0.30000000000000 
   1  0.30000000000000   0.70000000000000   0.50000000000000 
   1  0.30000000000000   0.70000000000000   0.70000000000000 
   1  0.30000000000000   0.70000000000000   0.90000000000000 
   1  0.30000000000000   0.90000000000000   0.10000000000000 
   1  0.30000000000000   0.90000000000000   0.30000000000000 
   1  0.30000000000000   0.90000000000000   0.50000000000000 
   1  0.30000000000000   0.90000000000000   0.70000000000000 
   1  0.30000000000000   0.90000000000000   0.90000000000000 
   1  0.50000000000000   0.10000000000000   0.10000000000000 
   1  0.50000000000000   0.10000000000000   0.30000000000000 
   1  0.50000000000000   0.10000000000000   0.50000000000000 
   1  0.50000000000000   0.10000000000000   0.70000000000000 
   1  0.50000000000000   0.10000000000000   0.90000000000000 
   1  0.50000000000000   0.30000000000000   0.10000000000000 
   1  0.50000000000000   0.30000000000000   0.30000000000000 
   1  0.50000000000000   0.30000000000000   0.50000000000000 
   1  0.50000000000000   0.30000000000000   0.70000000000000 
   1  0.50000000000000   0.30000000000000   0.90000000000000 
   1  0.50000000000000   0.50000000000000   0.10000000000000 
   1  0.50000000000000   0.50000000000000   0.30000000000000 
   1  0.50000000000000   0.50000000000000   0.50000000000000 
   1  0.50000000000000   0.50000000000000   0.70000000000000 
   1  0.50000000000000   0.50000000000000   0.90000000000000 
   1  0.50000000000000   0.70000000000000   0.10000000000000 
   1  0.50000000000000   0.70000000000000   0.30000000000000 
   1  0.50000000000000   0.70000000000000   0.50000000000000 
   1  0.50000000000000   0.70000000000000   0.70000000000000 
   1  0.50000000000000   0.70000000000000   0.90000000000000 
   1  0.50000000000000   0.90000000000000   0.10000000000000 
   1  0.50000000000000   0.90000000000000   0.30000000000000 
   1  0.50000000000000   0.90000000000000   0.50000000000000 
   1  0.50000000000000   0.90000000000000   0.70000000000000 
   1  0.50000000000000   0.90000000000000   0.90000000000000 
   1  0.70000000000000   0.10000000000000   0.10000000000000 
   1  0.70000000000000   0.10000000000000   0.30000000000000 
   1  0.70000000000000   0.10000000000000   0.50000000000000 
   1  0.70000000000000   0.10000000000000   0.70000000000000 
   1  0.70000000000000   0.10000000000000   0.90000000000000 
   1  0.70000000000000   0.30000000000000   0.10000000000000 
   1  0.70000000000000   0.30000000000000   0.30000000000000 
   1  0.70000000000000   0.30000000000000   0.50000000000000 
   1  0.70000000000000   0.30000000000000   0.70000000000000 
   1  0.70000000000000   0.30000000000000   0.90000000000000 
   1  0.70000000000000   0.50000000000000   0.10000000000000 
   1  0.70000000000000   0.50000000000000   0.30000000000000 
   1  0.70000000000000   0.50000000000000   0.50000000000000 
   1  0.70000000000000   0.50000000000000   0.70000000000000 
   1  0.70000000000000   0.50000000000000   0.90000000000000 
   1  0.70000000000000   0.70000000000000   0.10000000000000 
   1  0.70000000000000   0.70000000000000   0.30000000000000 
   1  0.70000000000000   0.70000000000000   0.50000000000000 
   1  0.70000000000000   0.70000000000000   0.70000000000000 
   1  0.70000000000000   0.70000000000000   0.90000000000000 
   1  0.70000000000000   0.90000000000000   0.10000000000000 
   1  0.70000000000000   0.90000000000000   0.30000000000000 
   1  0.70000000000000   0.90000000000000   0.50000000000000 
   1  0.70000000000000   0.90000000000000   0.70000000000000 
   1  0.70000000000000   0.90000000000000   0.90000000000000 
   1  0.90000000000000   0.10000000000000   0.10000000000000 
   1  0.90000000000000   0.10000000000000   0.30000000000000 
   1  0.90000000000000   0.10000000000000   0.50000000000000 
   1  0.90000000000000   0.10000000000000   0.70000000000000 
   1  0.90000000000000   0.10000000000000   0.90000000000000 
   1  0.90000000000000   0.30000000000000   0.10000000000000 
   1  0.90000000000000   0.30000000000000   0.30000000000000 
   1  0.90000000000000   0.30000000000000   0.50000000000000 
   1  0.90000000000000   0.30000000000000   0.70000000000000 
   1  0.90000000000000   0.30000000000000   0.90000000000000 
   1  0.90000000000000   0.50000000000000   0.10000000000000 
   1  0.90000000000000   0.50000000000000   0.30000000000000 
   1  0.90000000000000   0.50000000000000   0.50000000000000 
   1  0.90000000000000   0.50000000000000   0.70000000000000 
   1  0.90000000000000   0.50000000000000   0.90000000000000 
   1  0.90000000000000   0.70000000000000   0.10000000000000 
   1  0.90000000000000   0.70000000000000   0.30000000000000 
   1  0.90000000000000   0.70000000000000   0.50000000000000 
   1  0.90000000000000   0.70000000000000   0.70000000000000 
   1  0.90000000000000   0.70000000000000   0.90000000000000 
   1  0.90000000000000   0.90000000000000   0.10000000000000 
   1  0.90000000000000   0.90000000000000   0.30000000000000 
   1  0.90000000000000   0.90000000000000   0.50000000000000 
   1  0.90000000000000   0.90000000000000   0.70000000000000 
   1  0.90000000000000   0.90000000000000   0.90000000000000 
   1  0.15000000000000   0.15000000000000   0.15000000000000 
   1  0.15000000000000   0.15000000000000   0.35000000000000 
   1  0.15000000000000   0.15000000000000   0.55000000000000 
   1  0.15000000000000   0.15000000000000   0.75000000000000 
   1  0.15000000000000   0.15000000000000   0.95000000000000 
   1  0.15000000000000   0.35000000000000   0.15000000000000 
   1  0.15000000000000   0.35000000000000   0.35000000000000 
   1  0.15000000000000   0.35000000000000   0.55000000000000 
   1  0.15000000000000   0.35000000000000   0.75000000000000 
   1  0.15000000000000   0.35000000000000   0.95000000000000 
   1  0.15000000000000   0.55000000000000   0.15000000000000 
   1  0.15000000000000   0.55000000000000   0.35000000000000 
   1  0.15000000000000   0.55000000000000   0.55000000000000 
   1  0.15000000000000   0.55000000000000   0.75000000000000 
   1  0.15000000000000   0.55000000000000   0.95000000000000 
   1  0.15000000000000   0.75000000000000   0.15000000000000 
   1  0.15000000000000   0.75000000000000   0.35000000000000 
   1  0.15000000000000   0.75000000000000   0.55000000000000 
   1  0.15000000000000   0.75000000000000   0.75000000000000 
   1  0.15000000000000   0.75000000000000   0.95000000000000 
   1  0.15000000000000   0.95000000000000   0.15000000000000 
   1  0.15000000000000   0.95000000000000   0.35000000000000 
   1  0.15000000000000   0.95000000000000   0.55000000000000 
   1  0.15000000000000   0.95000000000000   0.75000000000000 
   1  0.15000000000000   0.95000000000000   0.95000000000000 
   1  0.35000000000000   0.15000000000000   0.15000000000000 
   1  0.35000000000000   0.15000000000000   0.35000000000000 
   1  0.35000000000000   0.15000000000000   0.55000000000000 
   1  0.35000000000000   0.15000000000000   0.75000000000000 
   1  0.35000000000000   0.15000000000000   0.95000000000000 
   1  0.35000000000000   0.35000000000000   0.15000000000000 
   1  0.35000000000000   0.35000000000000   0.35000000000000 
   1  0.35000000000000   0.35000000000000   0.55000000000000 
   1  0.35000000000000   0.35000000000000   0.75000000000000 
   1  0.35000000000000   0.35000000000000   0.95000000000000 
   1  0.35000000000000   0.55000000000000   0.15000000000000 
   1  0.35000000000000   0.55000000000000   0.35000000000000 
   1  0.35000000000000   0.55000000000000   0.55000000000000
   1  0.35000000000000   0.55000000000000   0.75000000000000
   1  0.35000000000000   0.55000000000000   0.95000000000000
   1  0.35000000000000   0.75000000000000   0.15000000000000
   1  0.35000000000000   0.75000000000000   0.35000000000000
   1  0.35000000000000   0.75000000000000   0.55000000000000
   1  0.35000000000000   0.75000000000000   0.75000000000000
   1  0.35000000000000   0.75000000000000   0.95000000000000
   1  0.35000000000000   0.95000000000000   0.15000000000000
   1  0.35000000000000   0.95000000000000   0.35000000000000
   1  0.35000000000000   0.95000000000000   0.55000000000000
   1  0.35000000000000   0.95000000000000   0.75000000000000
   1  0.35000000000000   0.95000000000000   0.95000000000000
   1  0.55000000000000   0.15000000000000   0.15000000000000
   1  0.55000000000000   0.15000000000000   0.35000000000000
   1  0.55000000000000   0.15000000000000   0.55000000000000
   1  0.55000000000000   0.15000000000000   0.75000000000000
   1  0.55000000000000   0.15000000000000   0.95000000000000
   1  0.55000000000000   0.35000000000000   0.15000000000000
   1  0.55000000000000   0.35000000000000   0.35000000000000
   1  0.55000000000000   0.35000000000000   0.55000000000000
   1  0.55000000000000   0.35000000000000   0.75000000000000
   1  0.55000000000000   0.35000000000000   0.95000000000000
   1  0.55000000000000   0.55000000000000   0.15000000000000
   1  0.55000000000000   0.55000000000000   0.35000000000000
   1  0.55000000000000   0.55000000000000   0.55000000000000
   1  0.55000000000000   0.55000000000000   0.75000000000000
   1  0.55000000000000   0.55000000000000   0.95000000000000
   1  0.55000000000000   0.75000000000000   0.15000000000000
   1  0.55000000000000   0.75000000000000   0.35000000000000
   1  0.55000000000000   0.75000000000000   0.55000000000000
   1  0.55000000000000   0.75000000000000   0.75000000000000
   1  0.55000000000000   0.75000000000000   0.95000000000000
   1  0.55000000000000   0.95000000000000   0.15000000000000
   1  0.55000000000000   0.95000000000000   0.35000000000000
   1  0.55000000000000   0.95000000000000   0.55000000000000
   1  0.55000000000000   0.95000000000000   0.75000000000000
   1  0.55000000000000   0.95000000000000   0.95000000000000
   1  0.75000000000000   0.15000000000000   0.15000000000000
   1  0.75000000000000   0.15000000000000   0.35000000000000
   1  0.75000000000000   0.15000000000000   0.55000000000000
   1  0.75000000000000   0.15000000000000   0.75000000000000
   1  0.75000000000000   0.15000000000000   0.95000000000000
   1  0.75000000000000   0.35000000000000   0.15000000000000
   1  0.75000000000000   0.35000000000000   0.35000000000000
   1  0.75000000000000   0.35000000000000   0.55000000000000
   1  0.75000000000000   0.35000000000000   0.75000000000000
   1  0.75000000000000   0.35000000000000   0.95000000000000
   1  0.75000000000000   0.55000000000000   0.15000000000000
   1  0.75000000000000   0.55000000000000   0.35000000000000
   1  0.75000000000000   0.55000000000000   0.55000000000000
   1  0.75000000000000   0.55000000000000   0.75000000000000
   1  0.75000000000000   0.55000000000000   0.95000000000000
   1  0.75000000000000   0.75000000000000   0.15000000000000
   1  0.75000000000000   0.75000000000000   0.35000000000000
   1  0.75000000000000   0.75000000000000   0.55000000000000
   1  0.75000000000000   0.75000000000000   0.75000000000000
   1  0.75000000000000   0.75000000000000   0.95000000000000
   1  0.75000000000000   0.95000000000000   0.15000000000000
   1  0.75000000000000   0.95000000000000   0.35000000000000
   1  0.75000000000000   0.95000000000000   0.55000000000000
   1  0.75000000000000   0.95000000000000   0.75000000000000
   1  0.75000000000000   0.95000000000000   0.95000000000000
   1  0.95000000000000   0.15000000000000   0.15000000000000
   1  0.95000000000000   0.15000000000000   0.35000000000000
   1  0.95000000000000   0.15000000000000   0.55000000000000
   1  0.95000000000000   0.15000000000000   0.75000000000000
   1  0.95000000000000   0.15000000000000   0.95000000000000
   1  0.95000000000000   0.35000000000000   0.15000000000000
   1  0.95000000000000   0.35000000000000   0.35000000000000
   1  0.95000000000000   0.35000000000000   0.55000000000000
   1  0.95000000000000   0.35000000000000   0.75000000000000
   1  0.95000000000000   0.35000000000000   0.95000000000000
   1  0.95000000000000   0.55000000000000   0.15000000000000
   1  0.95000000000000   0.55000000000000   0.35000000000000
   1  0.95000000000000   0.55000000000000   0.55000000000000
   1  0.95000000000000   0.55000000000000   0.75000000000000
   1  0.95000000000000   0.55000000000000   0.95000000000000
   1  0.95000000000000   0.75000000000000   0.15000000000000
   1  0.95000000000000   0.75000000000000   0.35000000000000
   1  0.95000000000000   0.75000000000000   0.55000000000000
   1  0.95000000000000   0.75000000000000   0.75000000000000
   1  0.95000000000000   0.75000000000000   0.95000000000000
   1  0.95000000000000   0.95000000000000   0.15000000000000
   1  0.95000000000000   0.95000000000000   0.35000000000000
   1  0.95000000000000   0.95000000000000   0.55000000000000
   1  0.95000000000000   0.95000000000000   0.75000000000000
   1  0.95000000000000   0.95000000000000   0.95000000000000
