    1    1  0.9999998063015778  0.0000000000000000
    2    1 -0.0000000411046215  0.0000000341321207
    3    1  0.0003635995724707 -0.0002489318125911
    4    1 -0.0000000000064491  0.0000000000226427
    5    1 -0.0003487730779243  0.0002675398575157
    6    1  0.0000000000052045 -0.0000000000229015
    7    1  0.0000000008154692  0.0000000024335415
    8    1 -0.0000000000000001 -0.0000000000000001
    9    1 -0.0000000000035614  0.0000022073595720
   10    1 -0.0000000000000753 -0.0000000000000907
    1    2 -0.0000000534283780  0.0000000000000000
    2    2 -0.7693404718194551  0.6388386737070726
    3    2 -0.0000000000194256  0.0000000000132959
    4    2 -0.0001207046210175  0.0004237948688746
    5    2  0.0000000000186355 -0.0000000000142987
    6    2  0.0000974104554542 -0.0004286390537630
    7    2  0.0000000000000000 -0.0000000000000001
    8    2 -0.0000000021820142 -0.0000000013512690
    9    2 -0.0000000000000033 -0.0000000000001194
   10    2 -0.0000014101441945 -0.0000016982136587
    1    3  0.0001684458664724  0.0000000000000000
    2    3  0.0004188593304872 -0.0000172704613078
    3    3 -0.2603955301018873 -0.0412182103056116
    4    3 -0.6517283991963803 -0.0757957515533547
    5    3  0.0411680800494998 -0.2604035781018982
    6    3  0.0756702719592363 -0.6517432716717551
    7    3 -0.0000000357260057 -0.0000239403807862
    8    3 -0.0000025434022219 -0.0000595267492940
    9    3  0.0000000919690438  0.0000000008387708
   10    3  0.0000002287772218 -0.0000000073437246
    1    4  0.0004192152282210  0.0000000000000000
    2    4 -0.0001683028623589  0.0000069394850702
    3    4 -0.6480525397582999 -0.1025807388554705
    4    4  0.2618725359123479  0.0304556709438080
    5    4  0.1024559784990390 -0.6480725690066578
    6    4 -0.0304052516901935  0.2618785118579389
    7    4 -0.0000000889121583 -0.0000595809942101
    8    4  0.0000010219704873  0.0000239185845077
    9    4  0.0000002288855434  0.0000000020874714
   10    4 -0.0000000919255188  0.0000000029507994
    1    5 -0.0002325818935714  0.0000000000000000
    2    5  0.0000162055411448  0.0003590536970661
    3    5  0.0609935769808496 -0.3792829664394663
    4    5 -0.5897767154191589 -0.0677330610396975
    5    5 -0.3792945155968290 -0.0609206494531725
    6    5 -0.0676196727641975  0.5897894633512636
    7    5  0.0000000042223254 -0.0000331997515812
    8    5 -0.0000512531813579  0.0000023067311487
    9    5  0.0000001280069878 -0.0000000013362968
   10    5 -0.0000000109820415 -0.0000001975206460
    1    6  0.0003594192217208  0.0000000000000000
    2    6  0.0000104866830102  0.0002323453608280
    3    6 -0.0942561075225563  0.5861229630412905
    4    6 -0.3816473270400034 -0.0438303870298889
    5    6  0.5861408104714084  0.0941434093478775
    6    6 -0.0437570129355809  0.3816555762865993
    7    6 -0.0000000065249490  0.0000513050637410
    8    6 -0.0000331661782435  0.0000014926967343
    9    6 -0.0000001978149341  0.0000000020650376
   10    6 -0.0000000071065315 -0.0000001278165526
    1    7  0.0000022073613333  0.0000000000000000
    2    7  0.0000000000000033  0.0000000000000016
    3    7  0.0000002137670486 -0.0000001624736083
    4    7  0.0000000000000015  0.0000000000000002
    5    7  0.0000002238050755 -0.0000001543920799
    6    7  0.0000000000000000 -0.0000000000000000
    7    7 -0.0004625274048313  0.0000000015094806
    8    7  0.0000000000000000  0.0000000000000000
    9    7 -0.0000032635714855 -0.9999998930263594
   10    7 -0.0000000000000000 -0.0000000000000000
    1    8 -0.0000000000000000  0.0000000000000000
    2    8  0.0000018488976747  0.0000012058281155
    3    8  0.0000000000000000  0.0000000000000000
    4    8  0.0000002678078229 -0.0000000193129978
    5    8  0.0000000000000000  0.0000000000000000
    6    8  0.0000002718009843 -0.0000000070603347
    7    8 -0.0000000000000000 -0.0000000000000000
    8    8 -0.0003874162560315 -0.0002526662715615
    9    8 -0.0000000000000000  0.0000000000000000
   10    8  0.5462730248724825 -0.8376070488958697
    1    9  0.0000000004853112  0.0000000000000000
    2    9  0.0000000000000000 -0.0000000000000001
    3    9 -0.0000583385942721 -0.0000228481141029
    4    9 -0.0000000000000001 -0.0000000000000003
    5    9 -0.0000571901001395 -0.0000257160244919
    6    9 -0.0000000000000000  0.0000000000000000
    7    9  0.5194905329569293  0.8544760759547612
    8    9 -0.0000000000000000 -0.0000000000000000
    9    9  0.0003952186731218 -0.0002402786513425
   10    9  0.0000000000000000 -0.0000000000000000
    1   10  0.0000000000000000  0.0000000000000000
    2   10 -0.0000000003605393 -0.0000000003248666
    3   10  0.0000000000000000 -0.0000000000000000
    4   10  0.0000280454461714  0.0000560257159594
    5   10  0.0000000000000000 -0.0000000000000000
    6   10  0.0000252724507256  0.0000573874960567
    7   10  0.0000000000000000 -0.0000000000000000
    8   10  0.1860537932873376 -0.9825394466454328
    9   10  0.0000000000000000 -0.0000000000000000
   10   10 -0.0004544515022956 -0.0000860549936752
