         1         1        4.7561812401        0.0000000000
         2         1        0.0000000000        0.0000000000
         3         1        0.0000000000        0.0000000000
         4         1        0.0000000000        0.0000000000
         5         1        0.0000000000        0.0000000000
         6         1        0.0000000000        0.0000000000
         7         1        0.0000000000        0.0000000000
         8         1        0.0000000000        0.0000000000
         9         1        0.0000000000        0.0000000000
        10         1        0.0000000000        0.0000000000
        11         1        0.0000000000        0.0000000000
        12         1        0.0000000000        0.0000000000
        13         1        0.0000000000        0.0000000000
         1         2        0.0000000000        0.0000000000
         2         2        4.8492317200        0.0000000000
         3         2        0.0000000000        0.0000000000
         4         2        0.0000000000        0.0000000000
         5         2        0.0000000000        0.0000000000
         6         2        0.0000000000        0.0000000000
         7         2        0.0000000000        0.0000000000
         8         2        0.0000000000        0.0000000000
         9         2        0.0000000000        0.0000000000
        10         2        0.0000000000        0.0000000000
        11         2        0.0000000000        0.0000000000
        12         2        0.0000000000        0.0000000000
        13         2        0.0000000000        0.0000000000
         1         3        0.0000000000        0.0000000000
         2         3        0.0000000000        0.0000000000
         3         3        4.8495583534        0.0000000000
         4         3        0.0000000000        0.0000000000
         5         3        0.0000000000        0.0000000000
         6         3        0.0000000000        0.0000000000
         7         3        0.0000000000        0.0000000000
         8         3        0.0000000000        0.0000000000
         9         3        0.0000000000        0.0000000000
        10         3        0.0000000000        0.0000000000
        11         3        0.0000000000        0.0000000000
        12         3        0.0000000000        0.0000000000
        13         3        0.0000000000        0.0000000000
         1         4        0.0000000000        0.0000000000
         2         4        0.0000000000        0.0000000000
         3         4        0.0000000000        0.0000000000
         4         4        4.9428815842        0.0000000000
         5         4        0.0000000000        0.0000000000
         6         4        0.0000000000        0.0000000000
         7         4        0.0000000000        0.0000000000
         8         4        0.0000000000        0.0000000000
         9         4        0.0000000000        0.0000000000
        10         4        0.0000000000        0.0000000000
        11         4        0.0000000000        0.0000000000
        12         4        0.0000000000        0.0000000000
        13         4        0.0000000000        0.0000000000
         1         5        0.0000000000        0.0000000000
         2         5        0.0000000000        0.0000000000
         3         5        0.0000000000        0.0000000000
         4         5        0.0000000000        0.0000000000
         5         5        4.9429283142        0.0000000000
         6         5        0.0000000000        0.0000000000
         7         5        0.0000000000        0.0000000000
         8         5        0.0000000000        0.0000000000
         9         5        0.0000000000        0.0000000000
        10         5        0.0000000000        0.0000000000
        11         5        0.0000000000        0.0000000000
        12         5        0.0000000000        0.0000000000
        13         5        0.0000000000        0.0000000000
         1         6        0.0000000000        0.0000000000
         2         6        0.0000000000        0.0000000000
         3         6        0.0000000000        0.0000000000
         4         6        0.0000000000        0.0000000000
         5         6        0.0000000000        0.0000000000
         6         6        4.9448356628        0.0000000000
         7         6        0.0000000000        0.0000000000
         8         6        0.0000000000        0.0000000000
         9         6        0.0000000000        0.0000000000
        10         6        0.0000000000        0.0000000000
        11         6        0.0000000000        0.0000000000
        12         6        0.0000000000        0.0000000000
        13         6        0.0000000000        0.0000000000
         1         7        0.0000000000        0.0000000000
         2         7        0.0000000000        0.0000000000
         3         7        0.0000000000        0.0000000000
         4         7        0.0000000000        0.0000000000
         5         7        0.0000000000        0.0000000000
         6         7        0.0000000000        0.0000000000
         7         7        9.7953729630        0.0000000000
         8         7        0.0000000000        0.0000000000
         9         7        0.0000000000        0.0000000000
        10         7        0.0000000000        0.0000000000
        11         7        0.0000000000        0.0000000000
        12         7        0.0000000000        0.0000000000
        13         7        0.0000000000        0.0000000000
         1         8        0.0000000000        0.0000000000
         2         8        0.0000000000        0.0000000000
         3         8        0.0000000000        0.0000000000
         4         8        0.0000000000        0.0000000000
         5         8        0.0000000000        0.0000000000
         6         8        0.0000000000        0.0000000000
         7         8        0.0000000000        0.0000000000
         8         8        9.8417911530        0.0000000000
         9         8        0.0000000000        0.0000000000
        10         8        0.0000000000        0.0000000000
        11         8        0.0000000000        0.0000000000
        12         8        0.0000000000        0.0000000000
        13         8        0.0000000000        0.0000000000
         1         9        0.0000000000        0.0000000000
         2         9        0.0000000000        0.0000000000
         3         9        0.0000000000        0.0000000000
         4         9        0.0000000000        0.0000000000
         5         9        0.0000000000        0.0000000000
         6         9        0.0000000000        0.0000000000
         7         9        0.0000000000        0.0000000000
         8         9        0.0000000000        0.0000000000
         9         9        9.8421163559        0.0000000000
        10         9        0.0000000000        0.0000000000
        11         9        0.0000000000        0.0000000000
        12         9        0.0000000000        0.0000000000
        13         9        0.0000000000        0.0000000000
         1        10        0.0000000000        0.0000000000
         2        10        0.0000000000        0.0000000000
         3        10        0.0000000000        0.0000000000
         4        10        0.0000000000        0.0000000000
         5        10        0.0000000000        0.0000000000
         6        10        0.0000000000        0.0000000000
         7        10        0.0000000000        0.0000000000
         8        10        0.0000000000        0.0000000000
         9        10        0.0000000000        0.0000000000
        10        10        9.9140348434        0.0000000000
        11        10        0.0000000000        0.0000000000
        12        10        0.0000000000        0.0000000000
        13        10        0.0000000000        0.0000000000
         1        11        0.0000000000        0.0000000000
         2        11        0.0000000000        0.0000000000
         3        11        0.0000000000        0.0000000000
         4        11        0.0000000000        0.0000000000
         5        11        0.0000000000        0.0000000000
         6        11        0.0000000000        0.0000000000
         7        11        0.0000000000        0.0000000000
         8        11        0.0000000000        0.0000000000
         9        11        0.0000000000        0.0000000000
        10        11        0.0000000000        0.0000000000
        11        11        9.9142608643        0.0000000000
        12        11        0.0000000000        0.0000000000
        13        11        0.0000000000        0.0000000000
         1        12        0.0000000000        0.0000000000
         2        12        0.0000000000        0.0000000000
         3        12        0.0000000000        0.0000000000
         4        12        0.0000000000        0.0000000000
         5        12        0.0000000000        0.0000000000
         6        12        0.0000000000        0.0000000000
         7        12        0.0000000000        0.0000000000
         8        12        0.0000000000        0.0000000000
         9        12        0.0000000000        0.0000000000
        10        12        0.0000000000        0.0000000000
        11        12        0.0000000000        0.0000000000
        12        12        9.9306211472        0.0000000000
        13        12        0.0000000000        0.0000000000
         1        13        0.0000000000        0.0000000000
         2        13        0.0000000000        0.0000000000
         3        13        0.0000000000        0.0000000000
         4        13        0.0000000000        0.0000000000
         5        13        0.0000000000        0.0000000000
         6        13        0.0000000000        0.0000000000
         7        13        0.0000000000        0.0000000000
         8        13        0.0000000000        0.0000000000
         9        13        0.0000000000        0.0000000000
        10        13        0.0000000000        0.0000000000
        11        13        0.0000000000        0.0000000000
        12        13        0.0000000000        0.0000000000
        13        13       10.3064136505        0.0000000000
