         1         1       -0.0688511995        0.0000000000
         2         1       -0.0451231912        0.0000000000
         3         1        0.0000788007        0.0000000000
         4         1        0.0001111947        0.0000000000
         5         1       -0.0090599108        0.0000000000
         6         1        0.0127463379        0.0000000000
         7         1        0.0000000002        0.0000000000
         8         1       -0.4600728246        0.0000000000
         9         1        0.0000035118        0.0000000000
        10         1       -0.0000215625        0.0000000000
        11         1       -0.6609051928        0.0000000000
        12         1       -0.5714993988        0.0000000000
        13         1        0.1338080681        0.0000000000
         1         2        0.0422979826        0.0000000000
         2         2       -0.0784522166        0.0000000000
         3         2        0.0135266075        0.0000000000
         4         2       -0.0020464322        0.0000000000
         5         2       -0.0157767391        0.0000000000
         6         2       -0.0071497380        0.0000000000
         7         2       -0.4610476335        0.0000000000
         8         2        0.3172586596        0.0000000000
         9         2       -0.5070846027        0.0000000000
        10         2       -0.1735632099        0.0000000000
        11         2       -0.5235543425        0.0000000000
        12         2        0.3320524728        0.0000000000
        13         2       -0.0819999721        0.0000000000
         1         3        0.0422978750        0.0000000000
         2         3       -0.0784988244        0.0000000000
         3         3       -0.0132537357        0.0000000000
         4         3        0.0024442377        0.0000000000
         5         3       -0.0157204147        0.0000000000
         6         3       -0.0071489394        0.0000000000
         7         3        0.4610476344        0.0000000000
         8         3        0.3172662582        0.0000000000
         9         3        0.5070798773        0.0000000000
        10         3        0.1735295242        0.0000000000
        11         3       -0.5235655174        0.0000000000
        12         3        0.3320524137        0.0000000000
        13         3       -0.0819999745        0.0000000000
         1         4        0.0000003811        0.0000000000
         2         4        0.0001641679        0.0000000000
         3         4        0.0943289621        0.0000000000
         4         4       -0.0181539093        0.0000000000
         5         4       -0.0002276967        0.0000000000
         6         4       -0.0000032506        0.0000000000
         7         4        0.5693875550        0.0000000000
         8         4       -0.0000050870        0.0000000000
         9         4       -0.6732106065        0.0000000000
        10         4        0.4619065868        0.0000000000
        11         4       -0.0000149867        0.0000000000
        12         4       -0.0000001311        0.0000000000
        13         4        0.0000000135        0.0000000000
         1         5        0.1309628170        0.0000000000
         2         5       -0.0000123981        0.0000000000
         3         5       -0.0000004692        0.0000000000
         4         5        0.0000136052        0.0000000000
         5         5       -0.0007101039        0.0000000000
         6         5       -0.0245386235        0.0000000000
         7         5       -0.0000000001        0.0000000000
         8         5        0.0006248283        0.0000000000
         9         5       -0.0000000078        0.0000000000
        10         5        0.0000001159        0.0000000000
        11         5        0.0048759119        0.0000000000
        12         5       -0.2471668918        0.0000000000
        13         5       -0.9597554140        0.0000000000
         1         6       -0.0545460350        0.0000000000
         2         6       -0.0321749846        0.0000000000
         3         6        0.0599355021        0.0000000000
         4         6       -0.0118928111        0.0000000000
         5         6       -0.0059352586        0.0000000000
         6         6        0.0100219092        0.0000000000
         7         6       -0.3540246024        0.0000000000
         8         6        0.5397792082        0.0000000000
         9         6        0.1190963506        0.0000000000
        10         6        0.5972890332        0.0000000000
        11         6        0.0329163393        0.0000000000
        12         6       -0.4384333116        0.0000000000
        13         6        0.1057342627        0.0000000000
         1         7        0.0545465195        0.0000000000
         2         7        0.0323834090        0.0000000000
         3         7        0.0598227208        0.0000000000
         4         7       -0.0120340954        0.0000000000
         5         7        0.0056351535        0.0000000000
         6         7       -0.0100262007        0.0000000000
         7         7       -0.3540246036        0.0000000000
         8         7       -0.5397774901        0.0000000000
         9         7        0.1191044396        0.0000000000
        10         7        0.5972870596        0.0000000000
        11         7       -0.0329549864        0.0000000000
        12         7        0.4384330230        0.0000000000
        13         7       -0.1057342438        0.0000000000
         1         8       -0.5593938839        0.0000000000
         2         8       -0.7929288013        0.0000000000
         3         8        0.0013821518        0.0000000000
         4         8        0.0019838776        0.0000000000
         5         8       -0.1597405349        0.0000000000
         6         8        0.1030179083        0.0000000000
         7         8        0.0000000000        0.0000000000
         8         8       -0.0537051641        0.0000000000
         9         8        0.0000004050        0.0000000000
        10         8        0.0000029492        0.0000000000
        11         8        0.0912574952        0.0000000000
        12         8        0.0510911053        0.0000000000
        13         8       -0.0915660890        0.0000000000
         1         9       -0.5593091536        0.0000000000
         2         9        0.3977343873        0.0000000000
         3         9        0.6864518915        0.0000000000
         4         9       -0.1400269080        0.0000000000
         5         9        0.0824008565        0.0000000000
         6         9        0.0957115052        0.0000000000
         7         9        0.0007521903        0.0000000000
         8         9        0.0265999756        0.0000000000
         9         9        0.0455618805        0.0000000000
        10         9       -0.0803115837        0.0000000000
        11         9       -0.0471827429        0.0000000000
        12         9        0.0485885618        0.0000000000
        13         9       -0.0915711785        0.0000000000
         1        10       -0.5593148248        0.0000000000
         2        10        0.3953424662        0.0000000000
         3        10       -0.6878281073        0.0000000000
         4        10        0.1378793805        0.0000000000
         5        10        0.0858864868        0.0000000000
         6        10        0.0957613977        0.0000000000
         7        10       -0.0007521902        0.0000000000
         8        10        0.0265992919        0.0000000000
         9        10       -0.0455622792        0.0000000000
        10        10        0.0803085605        0.0000000000
        11        10       -0.0471879642        0.0000000000
        12        10        0.0485885097        0.0000000000
        13        10       -0.0915711582        0.0000000000
         1        11        0.1005413106        0.0000000000
         2        11       -0.1634402532        0.0000000000
         3        11        0.0002831816        0.0000000000
         4        11       -0.0103101253        0.0000000000
         5        11        0.8138245945        0.0000000000
         6        11        0.5484160705        0.0000000000
         7        11       -0.0000000000        0.0000000000
         8        11       -0.0008158215        0.0000000000
         9        11        0.0000000062        0.0000000000
        10        11        0.0000000122        0.0000000000
        11        11        0.0003772653        0.0000000000
        12        11        0.0001220698        0.0000000000
        13        11       -0.0009325898        0.0000000000
         1        12        0.0997235150        0.0000000000
         2        12        0.0827844708        0.0000000000
         3        12        0.1399383444        0.0000000000
         4        12        0.6977640039        0.0000000000
         5        12       -0.3768001934        0.0000000000
         6        12        0.5785883937        0.0000000000
         7        12        0.0000032626        0.0000000000
         8        12        0.0004160839        0.0000000000
         9        12        0.0007309457        0.0000000000
        10        12       -0.0003039915        0.0000000000
        11        12       -0.0001521888        0.0000000000
        12        12        0.0001066840        0.0000000000
        13        12       -0.0009258324        0.0000000000
         1        13        0.0997234985        0.0000000000
         2        13        0.0822967965        0.0000000000
         3        13       -0.1402282158        0.0000000000
         4        13       -0.6883101803        0.0000000000
         5        13       -0.3941853093        0.0000000000
         6        13        0.5783285007        0.0000000000
         7        13       -0.0000032626        0.0000000000
         8        13        0.0004160730        0.0000000000
         9        13       -0.0007309519        0.0000000000
        10        13        0.0003039817        0.0000000000
        11        13       -0.0001522086        0.0000000000
        12        13        0.0001066838        0.0000000000
        13        13       -0.0009258323        0.0000000000
